"idroll";"dice1";"dice2";"result"
1;3;5;8
2;1;1;2
3;2;3;5
4;3;4;7
5;6;1;7
6;4;3;7
7;2;2;4
8;4;3;7
9;5;5;10
10;6;1;7
11;1;5;6
12;2;6;8
13;5;2;7
14;3;3;6
15;4;6;10
16;4;3;7
17;5;4;9
18;1;5;6
19;2;2;4
20;3;5;8
21;5;5;10
22;6;3;9
23;4;4;8
24;1;6;7
25;3;1;4
26;4;4;8
27;3;5;8
28;2;3;5
29;3;3;6
35;2;4;6
36;6;4;10
37;5;2;7
38;4;1;5
39;6;3;9
40;5;2;7
41;2;1;3
42;3;2;5
43;3;2;5
44;2;3;5
45;1;6;7
46;1;2;3
47;2;6;8
48;2;3;5
49;5;1;6
50;1;2;3
51;2;5;7
52;2;2;4
53;3;4;7
55;5;5;10
56;3;6;9
